# Time(ps) VACF(nm²/ps²)
0.000000000000000000e+00 1.000000000000000000e+00
2.000000000000000111e-01 9.699300516699440600e-01
4.000000000000000222e-01 8.862768005280975414e-01
6.000000000000000888e-01 7.569601206511636926e-01
8.000000000000000444e-01 5.937288142384068435e-01
1.000000000000000000e+00 4.105790752960359336e-01
1.200000000000000178e+00 2.220531179845640912e-01
1.400000000000000133e+00 4.174083338249477693e-02
1.600000000000000089e+00 -1.188622685618529878e-01
1.800000000000000044e+00 -2.510752194960608752e-01
2.000000000000000000e+00 -3.493233750438826113e-01
2.200000000000000178e+00 -4.111275650357547606e-01
2.400000000000000355e+00 -4.368523900820344696e-01
2.600000000000000089e+00 -4.292860293860631393e-01
2.800000000000000266e+00 -3.931446657576750381e-01
3.000000000000000000e+00 -3.345079349333667795e-01
3.200000000000000178e+00 -2.602368114813132793e-01
3.400000000000000355e+00 -1.773984026376139445e-01
3.600000000000000089e+00 -9.273292369761663989e-02
3.800000000000000266e+00 -1.218659989656063758e-02
4.000000000000000000e+00 5.944315408126794181e-02
4.200000000000000178e+00 1.187313028206326698e-01
4.400000000000000355e+00 1.636907356490837351e-01
4.600000000000000533e+00 1.937121039527597011e-01
4.800000000000000711e+00 2.093747672890666767e-01
5.000000000000000000e+00 2.121987813856674454e-01
5.200000000000000178e+00 2.043585384862263432e-01
5.400000000000000355e+00 1.884009237561959094e-01
5.600000000000000533e+00 1.669837982762500950e-01
5.800000000000000711e+00 1.426515171820282590e-01
6.000000000000000000e+00 1.176429582552334097e-01
6.200000000000000178e+00 9.374442616298821196e-02
6.400000000000000355e+00 7.219056250178743084e-02
6.600000000000000533e+00 5.362148208421127493e-02
6.800000000000000711e+00 3.811211869428494242e-02
7.000000000000000000e+00 2.526524038150017304e-02
7.200000000000000178e+00 1.434917310163487218e-02
7.400000000000000355e+00 4.475976231431998999e-03
7.600000000000000533e+00 -5.212435637077740894e-03
7.800000000000000711e+00 -1.536469080203430211e-02
8.000000000000000000e+00 -2.629033851902520119e-02
8.200000000000001066e+00 -3.787202922690439955e-02
8.400000000000000355e+00 -4.956208810596545583e-02
8.599999999999999645e+00 -6.045993247911697621e-02
8.800000000000000711e+00 -6.944738415295706457e-02
9.000000000000000000e+00 -7.538412933194640897e-02
9.200000000000001066e+00 -7.730814360815339847e-02
9.400000000000000355e+00 -7.462365245258499591e-02
9.600000000000001421e+00 -6.723316768574770508e-02
9.800000000000000711e+00 -5.558671512258055170e-02
1.000000000000000000e+01 -4.065001059676650458e-02
1.020000000000000107e+01 -2.378129802307442364e-02
1.040000000000000036e+01 -6.558337561275076784e-03
1.060000000000000142e+01 9.456192585593067509e-03
1.080000000000000071e+01 2.291998909375817309e-02
1.100000000000000000e+01 3.290650463929753466e-02
1.120000000000000107e+01 3.902095634919702793e-02
1.140000000000000036e+01 4.142419108470685174e-02
1.160000000000000142e+01 4.076797647490203180e-02
1.180000000000000071e+01 3.804219316040202692e-02
1.200000000000000000e+01 3.437771697570218138e-02
1.220000000000000107e+01 3.083658406185527459e-02
1.240000000000000036e+01 2.823197881351307420e-02
1.260000000000000142e+01 2.699498636167137200e-02
1.280000000000000071e+01 2.712553978574636787e-02
1.300000000000000000e+01 2.822914008552295309e-02
1.320000000000000107e+01 2.961524455043667084e-02
1.340000000000000036e+01 3.045733431983196557e-02
1.360000000000000142e+01 2.996784478900898357e-02
1.380000000000000071e+01 2.757357093554250668e-02
1.400000000000000000e+01 2.304018277971560738e-02
1.420000000000000107e+01 1.652286052044077413e-02
1.440000000000000036e+01 8.544141663294445299e-03
1.460000000000000142e+01 -1.022188981017281345e-04
1.480000000000000071e+01 -8.495059732535954755e-03
1.500000000000000000e+01 -1.574849654057711851e-02
1.520000000000000107e+01 -2.115248479322558509e-02
1.540000000000000036e+01 -2.429146601429085089e-02
1.560000000000000142e+01 -2.509480876566735907e-02
1.580000000000000071e+01 -2.382464313281865489e-02
1.600000000000000000e+01 -2.101081823478317609e-02
1.619999999999999929e+01 -1.733886637325459182e-02
1.640000000000000213e+01 -1.351473278671334009e-02
1.660000000000000142e+01 -1.014252577556380187e-02
1.680000000000000071e+01 -7.622253954859708504e-03
1.700000000000000000e+01 -6.105694288018179670e-03
1.719999999999999929e+01 -5.510294298421524253e-03
1.740000000000000213e+01 -5.575609867572195108e-03
1.760000000000000142e+01 -5.957800877189831264e-03
1.780000000000000071e+01 -6.329010974561267121e-03
1.800000000000000000e+01 -6.464613124938087783e-03
1.819999999999999929e+01 -6.297001887903065295e-03
1.840000000000000213e+01 -5.930844294608345751e-03
1.860000000000000142e+01 -5.610613650355336830e-03
1.880000000000000071e+01 -5.657571931942508535e-03
1.900000000000000000e+01 -6.382036902306793304e-03
1.920000000000000284e+01 -7.995415542803821496e-03
1.940000000000000213e+01 -1.054282959674122423e-02
1.960000000000000142e+01 -1.386035061792135689e-02
1.980000000000000071e+01 -1.760035747507929238e-02
2.000000000000000000e+01 -2.129280646380651495e-02
2.020000000000000284e+01 -2.443553739629295701e-02
2.040000000000000213e+01 -2.659366146190890803e-02
2.060000000000000142e+01 -2.749568832837320786e-02
2.080000000000000071e+01 -2.708288331039669997e-02
2.100000000000000000e+01 -2.553399344603116475e-02
2.120000000000000284e+01 -2.322698835129372377e-02
2.140000000000000213e+01 -2.067018814579658567e-02
2.160000000000000142e+01 -1.839941083290723076e-02
2.180000000000000071e+01 -1.687199707911943639e-02
2.200000000000000000e+01 -1.636843803523514718e-02
2.220000000000000284e+01 -1.692887525789034397e-02
2.240000000000000213e+01 -1.834376528811530391e-02
2.260000000000000142e+01 -2.019917948974427752e-02
2.280000000000000071e+01 -2.195762576545058978e-02
2.300000000000000000e+01 -2.307618389507018128e-02
2.320000000000000284e+01 -2.312133801930545823e-02
2.340000000000000213e+01 -2.186548043901837338e-02
2.360000000000000142e+01 -1.933972059076075403e-02
2.380000000000000071e+01 -1.583882745569701808e-02
2.400000000000000000e+01 -1.187507054724769306e-02
2.420000000000000284e+01 -8.088402773354782735e-03
2.440000000000000213e+01 -5.122110658461242159e-03
2.460000000000000142e+01 -3.496046519718620620e-03
2.480000000000000071e+01 -3.506442416538720422e-03
2.500000000000000000e+01 -5.158496567172654590e-03
2.520000000000000284e+01 -8.161136273346561790e-03
2.540000000000000213e+01 -1.198018119710856158e-02
2.560000000000000142e+01 -1.593589900058814054e-02
2.580000000000000071e+01 -1.933453316615218673e-02
2.600000000000000000e+01 -2.159891200773909198e-02
2.620000000000000284e+01 -2.237587509672830585e-02
2.640000000000000213e+01 -2.159734908829814490e-02
2.660000000000000142e+01 -1.948905927032627827e-02
2.680000000000000071e+01 -1.652330845660651693e-02
2.700000000000000000e+01 -1.333059972103010568e-02
2.720000000000000284e+01 -1.056882284672530127e-02
2.740000000000000213e+01 -8.794813217829038077e-03
2.760000000000000142e+01 -8.360820279530818341e-03
2.780000000000000071e+01 -9.348139588773616768e-03
2.800000000000000000e+01 -1.155236546044055741e-02
2.820000000000000284e+01 -1.452484826901750091e-02
2.840000000000000213e+01 -1.767211900755962656e-02
2.860000000000000142e+01 -2.037683636989871816e-02
2.880000000000000071e+01 -2.211485028026167685e-02
2.900000000000000000e+01 -2.255364638949375333e-02
2.920000000000000284e+01 -2.161037701485357329e-02
2.940000000000000213e+01 -1.946330132174974720e-02
2.960000000000000142e+01 -1.651353049582229143e-02
2.980000000000000071e+01 -1.330170729865763624e-02
3.000000000000000000e+01 -1.039752450139588488e-02
3.020000000000000284e+01 -8.285269638834013087e-03
3.040000000000000213e+01 -7.279159677279413432e-03
3.060000000000000142e+01 -7.459031952566828015e-03
3.080000000000000071e+01 -8.664791380649530805e-03
3.100000000000000000e+01 -1.054498724588656851e-02
3.120000000000000284e+01 -1.263557872817249080e-02
3.140000000000000213e+01 -1.446913040682050455e-02
3.160000000000000142e+01 -1.566964142621424597e-02
3.180000000000000071e+01 -1.602692502628813229e-02
3.200000000000000000e+01 -1.553704692433342284e-02
3.220000000000000284e+01 -1.439349827412246194e-02
3.239999999999999858e+01 -1.293863398872100584e-02
3.260000000000000142e+01 -1.158798663957744460e-02
3.280000000000000426e+01 -1.073007339020679192e-02
3.300000000000000000e+01 -1.062810369032739059e-02
3.320000000000000284e+01 -1.135963417910359173e-02
3.339999999999999858e+01 -1.279485079697493394e-02
3.360000000000000142e+01 -1.461466216865935086e-02
3.380000000000000426e+01 -1.637834444036569484e-02
3.400000000000000000e+01 -1.761538006677759033e-02
3.420000000000000284e+01 -1.793516115581847425e-02
3.439999999999999858e+01 -1.710869194591863388e-02
3.460000000000000142e+01 -1.512311720880341222e-02
3.480000000000000426e+01 -1.219275227281299383e-02
3.500000000000000000e+01 -8.725607080221943479e-03
3.520000000000000284e+01 -5.251857797437903437e-03
3.539999999999999858e+01 -2.322611352656520772e-03
3.560000000000000142e+01 -4.045548298346849118e-04
3.580000000000000426e+01 2.138996719116919003e-04
3.600000000000000000e+01 -5.266087326249986687e-04
3.620000000000000284e+01 -2.434933504944766357e-03
3.639999999999999858e+01 -5.102810006539048107e-03
3.660000000000000142e+01 -7.993454337952851999e-03
3.680000000000000426e+01 -1.054465588106034447e-02
3.700000000000000000e+01 -1.227068237200950457e-02
3.720000000000000284e+01 -1.285707290817135126e-02
3.739999999999999858e+01 -1.221864514192137416e-02
3.760000000000000142e+01 -1.050632441827965662e-02
3.780000000000000426e+01 -8.082491635013374157e-03
3.800000000000000000e+01 -5.433292452484140590e-03
3.820000000000000284e+01 -3.083575025296844338e-03
3.840000000000000568e+01 -1.480713710098580235e-03
3.860000000000000142e+01 -9.087681708381821532e-04
3.880000000000000426e+01 -1.433363484366384456e-03
3.900000000000000000e+01 -2.887680667011188144e-03
3.920000000000000284e+01 -4.911579581198379472e-03
3.940000000000000568e+01 -7.029462788666903696e-03
3.960000000000000142e+01 -8.753964677606158179e-03
3.980000000000000426e+01 -9.687659011942016327e-03
4.000000000000000000e+01 -9.603246251031181263e-03
4.020000000000000284e+01 -8.489420593986756608e-03
4.040000000000000568e+01 -6.549535885459315671e-03
4.060000000000000142e+01 -4.167409197316352017e-03
4.080000000000000426e+01 -1.820747045572796785e-03
4.100000000000000000e+01 9.648424424851258268e-06
4.120000000000000284e+01 9.452000199906895406e-04
4.140000000000000568e+01 7.882609295647299234e-04
4.160000000000000142e+01 -4.411243653899451210e-04
4.180000000000000426e+01 -2.500786867335391076e-03
4.200000000000000000e+01 -4.986538730283555411e-03
4.220000000000000284e+01 -7.405749675810787205e-03
4.240000000000000568e+01 -9.286131191699650497e-03
4.260000000000000142e+01 -1.025983108277539121e-02
4.280000000000000426e+01 -1.014438552017482044e-02
4.300000000000000000e+01 -8.969421433645798081e-03
4.320000000000000284e+01 -6.967214233046243980e-03
4.340000000000000568e+01 -4.532194378961094082e-03
4.360000000000000142e+01 -2.127528001687814876e-03
4.380000000000000426e+01 -1.955892692330103168e-04
4.400000000000000000e+01 9.371376412292000508e-04
4.420000000000000284e+01 1.120924905589303772e-03
4.440000000000000568e+01 4.215900985668529291e-04
4.460000000000000142e+01 -9.051483878891807781e-04
4.480000000000000426e+01 -2.464810037676547650e-03
4.500000000000000000e+01 -3.816542417737246295e-03
4.520000000000000284e+01 -4.566358956036129998e-03
4.540000000000000568e+01 -4.448442458815259591e-03
4.560000000000000142e+01 -3.385247080552833583e-03
4.580000000000000426e+01 -1.508186498634923618e-03
4.600000000000000000e+01 8.640151653440972333e-04
4.620000000000000284e+01 3.289718217022883241e-03
4.640000000000000568e+01 5.292078147664490417e-03
4.660000000000000142e+01 6.460495350306028235e-03
4.680000000000000426e+01 6.523443333963797018e-03
4.700000000000000000e+01 5.418320590905818974e-03
4.720000000000000284e+01 3.297818036231961111e-03
4.740000000000000568e+01 5.062809306938312586e-04
4.760000000000000142e+01 -2.487935686676687012e-03
4.780000000000000426e+01 -5.175212681386731108e-03
4.800000000000000000e+01 -7.113697994157824195e-03
4.820000000000000284e+01 -8.006660359610321201e-03
4.840000000000000568e+01 -7.756455090433799979e-03
4.860000000000000142e+01 -6.477502892868900776e-03
4.880000000000000426e+01 -4.473621598310154567e-03
4.900000000000000000e+01 -2.171419404665506352e-03
4.920000000000000284e+01 -3.744359713951677564e-05
4.940000000000000568e+01 1.514442224014676775e-03
4.960000000000000142e+01 2.212447928877874122e-03
4.980000000000000426e+01 1.973241246537226976e-03
5.000000000000000000e+01 9.148536939670066665e-04
5.020000000000000284e+01 -6.647468493184703923e-04
5.040000000000000568e+01 -2.370094475112588701e-03
5.060000000000000142e+01 -3.780080953527997778e-03
5.080000000000000426e+01 -4.552778394982244341e-03
5.100000000000000000e+01 -4.484479193190244600e-03
5.120000000000000284e+01 -3.556927250987385047e-03
5.140000000000000568e+01 -1.940976755312233621e-03
5.160000000000000142e+01 3.924356773865987370e-05
5.180000000000000426e+01 1.974444467840264471e-03
5.200000000000000000e+01 3.461211927282418447e-03
5.220000000000000284e+01 4.173785541651578793e-03
5.240000000000000568e+01 3.947126064011377382e-03
5.260000000000000142e+01 2.806315760914842184e-03
5.280000000000000426e+01 9.600545007063014061e-04
5.300000000000000000e+01 -1.237071110511771353e-03
5.320000000000000284e+01 -3.353334866836500498e-03
5.340000000000000568e+01 -4.981141909009559159e-03
5.360000000000000142e+01 -5.808440610339211246e-03
5.380000000000000426e+01 -5.687057464972989501e-03
5.400000000000000000e+01 -4.663472056451061810e-03
5.420000000000000284e+01 -2.965147179260262892e-03
5.440000000000000568e+01 -9.555177303625820651e-04
5.460000000000000142e+01 9.355632535430433725e-04
5.480000000000000426e+01 2.299426338622367807e-03
5.500000000000000000e+01 2.834378422016433328e-03
5.520000000000000284e+01 2.406365971212992561e-03
5.540000000000000568e+01 1.076010332758328561e-03
5.560000000000000142e+01 -9.036973175691349067e-04
5.580000000000000426e+01 -3.151985671448152664e-03
5.600000000000000000e+01 -5.228159275859530115e-03
5.620000000000000284e+01 -6.731943047699127415e-03
5.640000000000000568e+01 -7.379536235518731162e-03
5.660000000000000142e+01 -7.058067560465467773e-03
5.680000000000000426e+01 -5.850901181076634087e-03
5.700000000000000000e+01 -4.009554873462588091e-03
5.720000000000000284e+01 -1.913590180995742435e-03
5.740000000000000568e+01 5.344878450334364379e-06
5.760000000000000142e+01 1.359048310979728367e-03
5.780000000000000426e+01 1.878532160158796847e-03
5.800000000000000000e+01 1.470280305370626379e-03
5.820000000000000284e+01 2.276564223151064594e-04
5.840000000000000568e+01 -1.578757222501149093e-03
5.860000000000000142e+01 -3.568037686944161742e-03
5.880000000000000426e+01 -5.317572191680722954e-03
5.900000000000000000e+01 -6.459325319453825508e-03
5.920000000000000284e+01 -6.750358081250257963e-03
5.940000000000000568e+01 -6.118419992582263718e-03
5.960000000000000142e+01 -4.677878870841995634e-03
5.980000000000000426e+01 -2.708539661006400048e-03
6.000000000000000000e+01 -5.942727285530495594e-04
6.020000000000000284e+01 1.248176419488337876e-03
6.040000000000000568e+01 2.466526766523805935e-03
6.060000000000000142e+01 2.828819156422089469e-03
6.080000000000000426e+01 2.288544188205481143e-03
6.100000000000000000e+01 9.836812445617310312e-04
6.120000000000000284e+01 -7.892260835893182697e-04
6.140000000000000568e+01 -2.640596379577419672e-03
6.160000000000000142e+01 -4.167814498594028631e-03
6.180000000000000426e+01 -5.045998208669812655e-03
6.200000000000000000e+01 -5.086021574919899479e-03
6.220000000000000284e+01 -4.278832239180348912e-03
6.240000000000000568e+01 -2.789798249723648028e-03
6.260000000000000142e+01 -9.368607842978439806e-04
6.280000000000000426e+01 8.804405932723035916e-04
6.300000000000000000e+01 2.266472538400153731e-03
6.320000000000000284e+01 2.902572385793590615e-03
6.340000000000000568e+01 2.617463984550687933e-03
6.360000000000000142e+01 1.427669433160722468e-03
6.380000000000000426e+01 -4.718766335638314231e-04
6.400000000000000000e+01 -2.744467649432713770e-03
6.420000000000000284e+01 -4.977143404127654797e-03
6.440000000000000568e+01 -6.762273722941115027e-03
6.460000000000000853e+01 -7.779064533479081688e-03
6.479999999999999716e+01 -7.850632320075677517e-03
6.500000000000000000e+01 -6.982457554734648048e-03
6.520000000000000284e+01 -5.352087562138568497e-03
6.540000000000000568e+01 -3.271344469154498051e-03
6.560000000000000853e+01 -1.132200214436001164e-03
6.579999999999999716e+01 6.833664898561519823e-04
6.600000000000000000e+01 1.864694170730142120e-03
6.620000000000000284e+01 2.243379270327658468e-03
6.640000000000000568e+01 1.818002087352310050e-03
6.660000000000000853e+01 7.511243230141044372e-04
6.679999999999999716e+01 -6.806224760793884530e-04
6.700000000000000000e+01 -2.126639415065051386e-03
6.720000000000000284e+01 -3.258930700860051145e-03
6.740000000000000568e+01 -3.832014834488731061e-03
6.760000000000000853e+01 -3.734858829344670818e-03
6.779999999999999716e+01 -3.011843175333518263e-03
6.800000000000000000e+01 -1.850907990785717735e-03
6.820000000000000284e+01 -5.432162358109365440e-04
6.840000000000000568e+01 5.772413725163051679e-04
6.860000000000000853e+01 1.203665461428391620e-03
6.879999999999999716e+01 1.130805608358534690e-03
6.900000000000000000e+01 2.991832773953527935e-04
6.920000000000000284e+01 -1.189062877345743426e-03
6.940000000000000568e+01 -3.088058434570216913e-03
6.960000000000000853e+01 -5.060481118240710112e-03
6.979999999999999716e+01 -6.737408948285430500e-03
7.000000000000000000e+01 -7.806643909235586390e-03
7.020000000000000284e+01 -8.067041615070177571e-03
7.040000000000000568e+01 -7.474311432957767704e-03
7.060000000000000853e+01 -6.146339368079029725e-03
7.079999999999999716e+01 -4.349004137954426592e-03
7.100000000000000000e+01 -2.434895187513720985e-03
7.120000000000000284e+01 -7.734956313206706744e-04
7.140000000000000568e+01 3.189265023921474982e-04
7.160000000000000853e+01 6.500129875583322532e-04
7.179999999999999716e+01 1.877473168904306882e-04
7.200000000000000000e+01 -9.286155207554319798e-04
7.220000000000000284e+01 -2.423017593412845304e-03
7.240000000000000568e+01 -3.934784882963065708e-03
7.260000000000000853e+01 -5.093282458261933800e-03
7.279999999999999716e+01 -5.598186929689832718e-03
7.300000000000000000e+01 -5.287232881524696337e-03
7.320000000000000284e+01 -4.162264407595850889e-03
7.340000000000000568e+01 -2.393982425117680002e-03
7.360000000000000853e+01 -2.882959999982557414e-04
7.379999999999999716e+01 1.773433922986859508e-03
7.400000000000000000e+01 3.407276904993287656e-03
7.420000000000000284e+01 4.298209795805697266e-03
7.440000000000000568e+01 4.267366692383743089e-03
7.460000000000000853e+01 3.304381380424332125e-03
7.479999999999999716e+01 1.566240374920368833e-03
7.500000000000000000e+01 -6.476748147413733184e-04
7.520000000000000284e+01 -2.961882372230558759e-03
7.540000000000000568e+01 -4.987658031015782673e-03
7.560000000000000853e+01 -6.404708408796725046e-03
7.579999999999999716e+01 -7.012397500116398889e-03
7.600000000000000000e+01 -6.764714705203344301e-03
7.620000000000000284e+01 -5.786310944705188447e-03
7.640000000000000568e+01 -4.326429234565298300e-03
7.660000000000000853e+01 -2.715921702986036183e-03
7.680000000000001137e+01 -1.301579585040916294e-03
7.700000000000000000e+01 -3.689707875741894444e-04
7.720000000000000284e+01 -8.690481059436945229e-05
7.740000000000000568e+01 -4.856078333915268917e-04
7.760000000000000853e+01 -1.439260051290353190e-03
7.780000000000001137e+01 -2.696249479919127397e-03
7.800000000000000000e+01 -3.947789333345951696e-03
7.820000000000000284e+01 -4.884684522379417748e-03
7.840000000000000568e+01 -5.263269915703896497e-03
7.860000000000000853e+01 -4.965136556157267143e-03
7.880000000000001137e+01 -4.015728027476849447e-03
7.900000000000000000e+01 -2.576860999695774774e-03
7.920000000000000284e+01 -9.053763361277411461e-04
7.940000000000000568e+01 6.945650963804927405e-04
7.960000000000000853e+01 1.933138412093880982e-03
7.980000000000001137e+01 2.596440937118897879e-03
8.000000000000000000e+01 2.590478259134322732e-03
8.020000000000000284e+01 1.961168827188360022e-03
8.040000000000000568e+01 8.767090961229305089e-04
8.060000000000000853e+01 -3.956661640060136066e-04
8.080000000000001137e+01 -1.572526187578724560e-03
8.100000000000000000e+01 -2.403857528684839092e-03
8.120000000000000284e+01 -2.730138549268125350e-03
8.140000000000000568e+01 -2.509038876904395778e-03
8.160000000000000853e+01 -1.833736519776647160e-03
8.180000000000001137e+01 -9.042068449576660732e-04
8.200000000000000000e+01 1.093104013648254444e-05
8.220000000000000284e+01 6.369196920052232029e-04
8.240000000000000568e+01 7.536675075792094230e-04
8.260000000000000853e+01 2.486113854735117618e-04
8.280000000000001137e+01 -8.507480921459654663e-04
8.300000000000000000e+01 -2.380698419392800972e-03
8.320000000000000284e+01 -4.067255527795649722e-03
8.340000000000000568e+01 -5.576081010069415013e-03
8.360000000000000853e+01 -6.578258307961653596e-03
8.380000000000001137e+01 -6.820352694445484636e-03
8.400000000000000000e+01 -6.181193119230755234e-03
8.420000000000000284e+01 -4.696586412106177298e-03
8.440000000000000568e+01 -2.561586916126109680e-03
8.460000000000000853e+01 -9.924242468112039856e-05
8.480000000000001137e+01 2.298046371422606850e-03
8.500000000000000000e+01 4.240099792579003074e-03
8.520000000000000284e+01 5.410165993960810125e-03
8.540000000000000568e+01 5.618770945710982977e-03
8.560000000000000853e+01 4.850521564350764037e-03
8.580000000000001137e+01 3.255063608576168940e-03
8.600000000000000000e+01 1.116785341291350779e-03
8.620000000000000284e+01 -1.193997191036558561e-03
8.640000000000000568e+01 -3.295332800035285625e-03
8.660000000000000853e+01 -4.862596412269204298e-03
8.680000000000001137e+01 -5.691217874493113490e-03
8.700000000000000000e+01 -5.722567469591632525e-03
8.720000000000000284e+01 -5.045396463097762130e-03
8.740000000000000568e+01 -3.871474772597811864e-03
8.760000000000000853e+01 -2.489331844340269585e-03
8.780000000000001137e+01 -1.197284125033486234e-03
8.800000000000000000e+01 -2.474394488687969092e-04
8.820000000000000284e+01 2.054498519779289522e-04
8.840000000000000568e+01 1.315755398616256860e-04
8.860000000000000853e+01 -3.772802732897620427e-04
8.880000000000001137e+01 -1.130096668423929192e-03
8.900000000000000000e+01 -1.883845870385173751e-03
8.920000000000000284e+01 -2.404203464928502103e-03
8.940000000000000568e+01 -2.512173350700332847e-03
8.960000000000000853e+01 -2.134296964770725051e-03
8.980000000000001137e+01 -1.308287159281834892e-03
9.000000000000000000e+01 -1.847626723451127888e-04
9.020000000000000284e+01 1.013037995944560815e-03
9.040000000000000568e+01 2.030226147448824844e-03
9.060000000000000853e+01 2.640588284345508647e-03
9.080000000000001137e+01 2.688053597291372322e-03
9.100000000000000000e+01 2.140069539725923762e-03
9.120000000000000284e+01 1.088356505866318845e-03
9.140000000000000568e+01 -2.624541645810471056e-04
9.160000000000000853e+01 -1.629935278642458824e-03
9.180000000000001137e+01 -2.724798934299633383e-03
9.200000000000000000e+01 -3.294344911901080520e-03
9.220000000000000284e+01 -3.190814451309239696e-03
9.240000000000000568e+01 -2.401514768569797207e-03
9.260000000000000853e+01 -1.047928378020682953e-03
9.280000000000001137e+01 6.268036203681803245e-04
9.300000000000000000e+01 2.306805412350303522e-03
9.320000000000000284e+01 3.657165380761024688e-03
9.340000000000000568e+01 4.391482518202053688e-03
9.360000000000000853e+01 4.333407054631512045e-03
9.380000000000001137e+01 3.448420381498791543e-03
9.400000000000000000e+01 1.854806519553521158e-03
9.420000000000000284e+01 -2.035370330026932699e-04
9.440000000000000568e+01 -2.395454947802290197e-03
9.460000000000000853e+01 -4.367774282345386269e-03
9.480000000000001137e+01 -5.808567975321277457e-03
9.500000000000000000e+01 -6.514035055436838764e-03
9.520000000000000284e+01 -6.406717645357034446e-03
9.540000000000000568e+01 -5.559052419903573808e-03
9.560000000000000853e+01 -4.167343625937872283e-03
9.580000000000001137e+01 -2.510635526478307775e-03
9.600000000000000000e+01 -8.976273777617391160e-04
9.620000000000000284e+01 3.912550384075795464e-04
9.640000000000000568e+01 1.155044014445105955e-03
9.660000000000000853e+01 1.314624511583357188e-03
9.680000000000001137e+01 9.210857407934200771e-04
9.700000000000000000e+01 1.316119178100257179e-04
9.720000000000000284e+01 -8.316137297792764328e-04
9.740000000000000568e+01 -1.725556292895662419e-03
9.760000000000000853e+01 -2.342730432524916390e-03
9.780000000000001137e+01 -2.554772619744497767e-03
9.800000000000000000e+01 -2.344627954884853649e-03
9.820000000000000284e+01 -1.794693890872578164e-03
9.840000000000000568e+01 -1.076854530526113627e-03
9.860000000000000853e+01 -4.020455103230742891e-04
9.880000000000001137e+01 2.496875833120791976e-05
9.900000000000000000e+01 4.918679774186981551e-05
9.920000000000000284e+01 -3.921663928700927395e-04
9.940000000000000568e+01 -1.246872142706944783e-03
9.960000000000000853e+01 -2.358129452507074821e-03
9.980000000000001137e+01 -3.487543018278247905e-03
1.000000000000000000e+02 -4.378279194955220915e-03
1.002000000000000028e+02 -4.790044785154358442e-03
1.004000000000000057e+02 -4.568817747808562660e-03
1.006000000000000085e+02 -3.672261099387584115e-03
1.008000000000000114e+02 -2.182636023080848815e-03
1.010000000000000000e+02 -2.960358174982250326e-04
1.012000000000000028e+02 1.704460523297205354e-03
1.014000000000000057e+02 3.502005959610431356e-03
1.016000000000000085e+02 4.801266935311507278e-03
1.018000000000000114e+02 5.395682544707785556e-03
1.020000000000000000e+02 5.195502030966321801e-03
1.022000000000000028e+02 4.249481896522782493e-03
1.024000000000000057e+02 2.731378468955826012e-03
1.026000000000000085e+02 9.074649734210438277e-04
1.028000000000000114e+02 -9.198030512971229781e-04
1.030000000000000000e+02 -2.467459607081016505e-03
1.032000000000000028e+02 -3.526514274220968539e-03
1.034000000000000057e+02 -3.992982314694398967e-03
1.036000000000000085e+02 -3.881551717280618159e-03
1.038000000000000114e+02 -3.318940924857320326e-03
1.040000000000000000e+02 -2.507111941868515274e-03
1.042000000000000028e+02 -1.687821178865750926e-03
1.044000000000000057e+02 -1.077026824045285809e-03
1.046000000000000085e+02 -8.266928406813803774e-04
1.048000000000000114e+02 -9.844223630431827438e-04
1.050000000000000000e+02 -1.494277406085984085e-03
1.052000000000000028e+02 -2.197214996070423476e-03
1.054000000000000057e+02 -2.884230749011785968e-03
1.056000000000000085e+02 -3.328017568716991424e-03
1.058000000000000114e+02 -3.343745255114735724e-03
1.060000000000000000e+02 -2.830309218775839929e-03
1.062000000000000028e+02 -1.801506703128339651e-03
1.064000000000000057e+02 -3.868373691633507231e-04
1.066000000000000085e+02 1.189670964182790993e-03
1.068000000000000114e+02 2.650734848022749755e-03
1.070000000000000000e+02 3.720525681564126885e-03
1.072000000000000028e+02 4.176947809077076468e-03
1.074000000000000057e+02 3.897463705124869834e-03
1.076000000000000085e+02 2.897430294483726784e-03
1.078000000000000114e+02 1.319769166383326321e-03
1.080000000000000000e+02 -5.882521022000448052e-04
1.082000000000000028e+02 -2.518789853582252634e-03
1.084000000000000057e+02 -4.162306772642851774e-03
1.086000000000000085e+02 -5.256186587781775874e-03
1.088000000000000114e+02 -5.643193181022200175e-03
1.090000000000000000e+02 -5.291289672076360077e-03
1.092000000000000028e+02 -4.297528986801983121e-03
1.094000000000000057e+02 -2.863124590532376348e-03
1.096000000000000085e+02 -1.254646398672668549e-03
1.098000000000000114e+02 2.462824547129844536e-04
1.100000000000000000e+02 1.396378933255153915e-03
1.102000000000000028e+02 2.027998204706387298e-03
1.104000000000000057e+02 2.082044401513762685e-03
1.106000000000000085e+02 1.616183908195251845e-03
1.108000000000000114e+02 7.749540548097023571e-04
1.110000000000000000e+02 -2.380150136081496046e-04
1.112000000000000028e+02 -1.201315955286757142e-03
1.114000000000000057e+02 -1.936556353927234827e-03
1.116000000000000085e+02 -2.320455322557559135e-03
1.118000000000000114e+02 -2.321166083919344505e-03
1.120000000000000000e+02 -1.997964894316596116e-03
1.122000000000000028e+02 -1.480947122618680653e-03
1.124000000000000057e+02 -9.421006929932992154e-04
1.126000000000000085e+02 -5.391978976108504967e-04
1.128000000000000114e+02 -4.001928490399771655e-04
1.130000000000000000e+02 -5.780365266707626452e-04
1.132000000000000028e+02 -1.033612365147683950e-03
1.134000000000000057e+02 -1.646484496158637538e-03
1.136000000000000085e+02 -2.240100431562641603e-03
1.138000000000000114e+02 -2.618564126567392292e-03
1.140000000000000000e+02 -2.625122613620616691e-03
1.142000000000000028e+02 -2.163043133286668071e-03
1.144000000000000057e+02 -1.238940704321615576e-03
1.146000000000000085e+02 4.848300165254121200e-05
1.148000000000000114e+02 1.511240559793878419e-03
1.150000000000000000e+02 2.905973462560463520e-03
1.152000000000000028e+02 3.987451652252807684e-03
1.154000000000000057e+02 4.554838361662529207e-03
1.156000000000000085e+02 4.495685692565698499e-03
1.158000000000000114e+02 3.807469821493530710e-03
1.160000000000000000e+02 2.607592388917357243e-03
1.162000000000000028e+02 1.110695433245241200e-03
1.164000000000000057e+02 -4.257300338962686907e-04
1.166000000000000085e+02 -1.733610913726570547e-03
1.168000000000000114e+02 -2.591711702636495009e-03
1.170000000000000000e+02 -2.876103675855274603e-03
1.172000000000000028e+02 -2.574875239308007779e-03
1.174000000000000057e+02 -1.787550793154847953e-03
1.176000000000000085e+02 -7.078072767404982148e-04
1.178000000000000114e+02 4.091469175964627231e-04
1.180000000000000000e+02 1.311161101530769826e-03
1.182000000000000028e+02 1.785697794570421330e-03
1.184000000000000057e+02 1.710487693296004709e-03
1.186000000000000085e+02 1.072876735945848484e-03
1.188000000000000114e+02 -3.046589091250162312e-05
1.190000000000000000e+02 -1.397074988278967662e-03
1.192000000000000028e+02 -2.773130976742100781e-03
1.194000000000000057e+02 -3.898887926259077437e-03
1.196000000000000085e+02 -4.559118580614935495e-03
1.198000000000000114e+02 -4.617668694616525009e-03
1.200000000000000000e+02 -4.045514433293355243e-03
1.202000000000000028e+02 -2.930816649931051836e-03
1.204000000000000057e+02 -1.452469580881651009e-03
1.206000000000000085e+02 1.483390364799817862e-04
1.208000000000000114e+02 1.616181884387274089e-03
1.210000000000000000e+02 2.737865717968233827e-03
1.212000000000000028e+02 3.374780485374044309e-03
1.214000000000000057e+02 3.496059472089678259e-03
1.216000000000000085e+02 3.167331802581825444e-03
1.218000000000000114e+02 2.540133202356654411e-03
1.220000000000000000e+02 1.811752703237553934e-03
1.222000000000000028e+02 1.182776659925792147e-03
1.224000000000000057e+02 8.111314438391407705e-04
1.226000000000000085e+02 7.884695167069698295e-04
1.228000000000000114e+02 1.100606143333770267e-03
1.230000000000000000e+02 1.650551000988594074e-03
1.232000000000000028e+02 2.271923867569017406e-03
1.234000000000000057e+02 2.767967298147140740e-03
1.236000000000000085e+02 2.961418785283122333e-03
1.238000000000000114e+02 2.721732730292812045e-03
1.240000000000000000e+02 2.005935459656162014e-03
1.242000000000000028e+02 8.643154984479950583e-04
1.244000000000000057e+02 -5.511856543259813527e-04
1.246000000000000085e+02 -2.028053117362850488e-03
1.248000000000000114e+02 -3.333010707759692832e-03
1.250000000000000000e+02 -4.249752547109673408e-03
1.252000000000000028e+02 -4.625225863446501967e-03
1.254000000000000057e+02 -4.399892924475450051e-03
1.256000000000000085e+02 -3.616807141750887165e-03
1.258000000000000114e+02 -2.415267758063386391e-03
1.260000000000000000e+02 -1.003523737339834460e-03
1.262000000000000028e+02 3.769361922034117937e-04
1.264000000000000057e+02 1.498258236378215971e-03
1.266000000000000085e+02 2.189514001953493834e-03
1.268000000000000114e+02 2.371419664576418680e-03
1.270000000000000000e+02 2.071395393775912665e-03
1.272000000000000028e+02 1.402776864875476901e-03
1.274000000000000057e+02 5.411753266557758554e-04
1.276000000000000085e+02 -2.952089232886498361e-04
1.278000000000000114e+02 -9.005254033256093488e-04
1.280000000000000000e+02 -1.125559425858348520e-03
1.282000000000000171e+02 -8.994439478025663447e-04
1.284000000000000057e+02 -2.442119642312156344e-04
1.285999999999999943e+02 7.301664421991979148e-04
1.288000000000000114e+02 1.848569413207163141e-03
1.290000000000000000e+02 2.917427676032393908e-03
1.292000000000000171e+02 3.760788666678778740e-03
1.294000000000000057e+02 4.238116730601872509e-03
1.295999999999999943e+02 4.286345423916943648e-03
1.298000000000000114e+02 3.925330461614215047e-03
1.300000000000000000e+02 3.244951044872954136e-03
1.302000000000000171e+02 2.388492508676706965e-03
1.304000000000000057e+02 1.507199015262314281e-03
1.305999999999999943e+02 7.233092410884578959e-04
1.308000000000000114e+02 1.179837213758644100e-04
1.310000000000000000e+02 -2.893292888914283109e-04
1.312000000000000171e+02 -5.437819576009832265e-04
1.314000000000000057e+02 -7.347572482159231292e-04
1.315999999999999943e+02 -9.724237452252378934e-04
1.318000000000000114e+02 -1.347573724507488638e-03
1.320000000000000000e+02 -1.905280560359637896e-03
1.322000000000000171e+02 -2.629558530866778210e-03
1.324000000000000057e+02 -3.430991347194419904e-03
1.325999999999999943e+02 -4.161956788783232816e-03
1.328000000000000114e+02 -4.642025088708198917e-03
1.330000000000000000e+02 -4.706027611242906764e-03
1.332000000000000171e+02 -4.232834052097821272e-03
1.334000000000000057e+02 -3.183688758340118188e-03
1.335999999999999943e+02 -1.625800908784981891e-03
1.338000000000000114e+02 2.795812973303384561e-04
1.340000000000000000e+02 2.299752036786253690e-03
1.342000000000000171e+02 4.143761945540080406e-03
1.344000000000000057e+02 5.527407618681367228e-03
1.345999999999999943e+02 6.219790645300250949e-03
1.348000000000000114e+02 6.071414758650008070e-03
1.350000000000000000e+02 5.065741939618602016e-03
1.352000000000000171e+02 3.314952673935836740e-03
1.354000000000000057e+02 1.052031176473706888e-03
1.355999999999999943e+02 -1.413167364874302542e-03
1.358000000000000114e+02 -3.735075781559885413e-03
1.360000000000000000e+02 -5.592544553047869293e-03
1.362000000000000171e+02 -6.743185705777116935e-03
1.364000000000000057e+02 -7.056368101446285762e-03
1.365999999999999943e+02 -6.536646117528502678e-03
1.368000000000000114e+02 -5.314231019629992066e-03
1.370000000000000000e+02 -3.620337472387272042e-03
1.372000000000000171e+02 -1.739320885554990811e-03
1.374000000000000057e+02 3.739618522137138837e-05
1.375999999999999943e+02 1.466885165107155182e-03
1.378000000000000114e+02 2.384680463969819728e-03
1.380000000000000000e+02 2.743000523569377735e-03
1.382000000000000171e+02 2.586207754460209240e-03
1.384000000000000057e+02 2.055908000845392720e-03
1.385999999999999943e+02 1.339153199194203711e-03
1.388000000000000114e+02 6.392066624803452316e-04
1.390000000000000000e+02 1.248527027355416361e-04
1.392000000000000171e+02 -1.022597115626127306e-04
1.394000000000000057e+02 -2.181572663774140216e-05
1.395999999999999943e+02 3.218159267721123215e-04
1.398000000000000114e+02 8.175699865395505504e-04
1.400000000000000000e+02 1.326994160863889227e-03
1.402000000000000171e+02 1.707817346129631179e-03
1.404000000000000057e+02 1.866106383937015181e-03
1.405999999999999943e+02 1.751321392260381422e-03
1.408000000000000114e+02 1.383656601704366272e-03
1.410000000000000000e+02 8.333797046206599737e-04
1.412000000000000171e+02 2.130965237157223403e-04
1.414000000000000057e+02 -3.443758202520717858e-04
1.415999999999999943e+02 -7.390302489198759262e-04
1.418000000000000114e+02 -8.908776408546175167e-04
1.420000000000000000e+02 -7.922400058900476091e-04
1.422000000000000171e+02 -4.938086743488273068e-04
1.424000000000000057e+02 -9.635787430536866237e-05
1.425999999999999943e+02 2.719312188491158542e-04
1.428000000000000114e+02 4.957575677012664118e-04
1.430000000000000000e+02 4.769586852370221635e-04
1.432000000000000171e+02 1.739411012470266525e-04
1.434000000000000057e+02 -3.835994787797505847e-04
1.435999999999999943e+02 -1.108639311800114395e-03
1.438000000000000114e+02 -1.868530636053294426e-03
1.440000000000000000e+02 -2.493633650577772518e-03
1.442000000000000171e+02 -2.848312744704829032e-03
1.444000000000000057e+02 -2.837906863765372444e-03
1.445999999999999943e+02 -2.446956273537912070e-03
1.448000000000000114e+02 -1.719444392802861295e-03
1.450000000000000000e+02 -7.701379989650537468e-04
1.452000000000000171e+02 2.403492399995520233e-04
1.454000000000000057e+02 1.140906636356276175e-03
1.455999999999999943e+02 1.774730914059532896e-03
1.458000000000000114e+02 2.032644732902766371e-03
1.460000000000000000e+02 1.872522259988074200e-03
1.462000000000000171e+02 1.323084838453537915e-03
1.464000000000000057e+02 4.881740893675781895e-04
1.465999999999999943e+02 -4.740686874447970121e-04
1.468000000000000114e+02 -1.386894154786636694e-03
1.470000000000000000e+02 -2.085187105462142556e-03
1.472000000000000171e+02 -2.444095688421630327e-03
1.474000000000000057e+02 -2.405467670311935841e-03
1.475999999999999943e+02 -1.985676332275706103e-03
1.478000000000000114e+02 -1.282596940812292651e-03
1.480000000000000000e+02 -4.460669092332030590e-04
1.482000000000000171e+02 3.490724376959002703e-04
1.484000000000000057e+02 9.242445677453562172e-04
1.485999999999999943e+02 1.152290960992708412e-03
1.488000000000000114e+02 9.736077403524868133e-04
1.490000000000000000e+02 4.021672423729358357e-04
1.492000000000000171e+02 -4.621378671941067770e-04
1.494000000000000057e+02 -1.462874787218448273e-03
1.495999999999999943e+02 -2.427256796523569789e-03
1.498000000000000114e+02 -3.193542544463244624e-03
1.500000000000000000e+02 -3.635200318175858380e-03
1.502000000000000171e+02 -3.693203194500264356e-03
1.504000000000000057e+02 -3.383996367222584598e-03
1.505999999999999943e+02 -2.799889495982830611e-03
1.508000000000000114e+02 -2.080465561450054943e-03
1.510000000000000000e+02 -1.385519584408149898e-03
1.512000000000000171e+02 -8.603731205073405401e-04
1.514000000000000057e+02 -6.048152165310041479e-04
1.515999999999999943e+02 -6.562587288187285168e-04
1.518000000000000114e+02 -9.745395690057082885e-04
1.520000000000000000e+02 -1.463318540847702688e-03
1.522000000000000171e+02 -1.979353011709495888e-03
1.524000000000000057e+02 -2.389132301838739307e-03
1.525999999999999943e+02 -2.575130508954267747e-03
1.528000000000000114e+02 -2.462208769822481387e-03
1.530000000000000000e+02 -2.047246912223819014e-03
1.532000000000000171e+02 -1.389647882841693561e-03
1.534000000000000057e+02 -6.049202521650492602e-04
1.536000000000000227e+02 1.625595593465639394e-04
1.538000000000000114e+02 7.704022408266818396e-04
1.540000000000000000e+02 1.112852070486596056e-03
1.542000000000000171e+02 1.131043405795920066e-03
1.544000000000000057e+02 8.247454651849246438e-04
1.546000000000000227e+02 2.660577570662264854e-04
1.548000000000000114e+02 -4.226130323092060518e-04
1.550000000000000000e+02 -1.091953419785171575e-03
1.552000000000000171e+02 -1.599747214402635941e-03
1.554000000000000057e+02 -1.845020733378446680e-03
1.556000000000000227e+02 -1.776248500201780623e-03
1.558000000000000114e+02 -1.424111308894776551e-03
1.560000000000000000e+02 -8.747950459978416464e-04
1.562000000000000171e+02 -2.685817829158087850e-04
1.564000000000000057e+02 2.390548292820504107e-04
1.566000000000000227e+02 5.087057899525038304e-04
1.568000000000000114e+02 4.462721908224127204e-04
1.570000000000000000e+02 2.987889173295553405e-05
1.572000000000000171e+02 -6.846810880582316315e-04
1.574000000000000057e+02 -1.578515175067010320e-03
1.576000000000000227e+02 -2.490355891177010745e-03
1.578000000000000114e+02 -3.236997209679337833e-03
1.580000000000000000e+02 -3.642914264663845662e-03
1.582000000000000171e+02 -3.588708591787823522e-03
1.584000000000000057e+02 -3.018447535367571512e-03
1.586000000000000227e+02 -1.962468516671670490e-03
1.588000000000000114e+02 -5.278066920272941063e-04
1.590000000000000000e+02 1.112355832770451974e-03
1.592000000000000171e+02 2.755068625461225187e-03
1.594000000000000057e+02 4.183620438900245882e-03
1.596000000000000227e+02 5.237664157487292686e-03
1.598000000000000114e+02 5.806310484982364455e-03
1.600000000000000000e+02 5.862368886601749228e-03
1.602000000000000171e+02 5.439458320789681590e-03
1.604000000000000057e+02 4.641834041235099600e-03
1.606000000000000227e+02 3.598781219013611182e-03
1.608000000000000114e+02 2.461673405152100830e-03
1.610000000000000000e+02 1.349457619893709151e-03
1.612000000000000171e+02 3.455202162032227904e-04
1.614000000000000057e+02 -4.942722275661306803e-04
1.616000000000000227e+02 -1.167578131853962923e-03
1.618000000000000114e+02 -1.715464506954352507e-03
1.620000000000000000e+02 -2.180419413663086704e-03
1.622000000000000171e+02 -2.614576685169099808e-03
1.624000000000000057e+02 -3.046936815190872359e-03
1.626000000000000227e+02 -3.475395313272608856e-03
1.628000000000000114e+02 -3.875383150564440295e-03
1.630000000000000000e+02 -4.179125156620070759e-03
1.632000000000000171e+02 -4.330457421964209463e-03
1.634000000000000057e+02 -4.267221517891472624e-03
1.636000000000000227e+02 -3.949619665281027883e-03
1.638000000000000114e+02 -3.383796414994383155e-03
1.640000000000000000e+02 -2.614312240926674157e-03
1.642000000000000171e+02 -1.735586285233385205e-03
1.644000000000000057e+02 -8.674548968433448476e-04
1.646000000000000227e+02 -1.403720886971764384e-04
1.648000000000000114e+02 3.266291492855921273e-04
1.650000000000000000e+02 4.432079431633033579e-04
1.652000000000000171e+02 1.618522384583407552e-04
1.654000000000000057e+02 -4.728590574164965861e-04
1.656000000000000227e+02 -1.367444415676748659e-03
1.658000000000000114e+02 -2.370505173211539911e-03
1.660000000000000000e+02 -3.302854080003790951e-03
1.662000000000000171e+02 -3.997134898823676355e-03
1.664000000000000057e+02 -4.320998143476212187e-03
1.666000000000000227e+02 -4.201471504628244598e-03
1.668000000000000114e+02 -3.633975509587725108e-03
1.670000000000000000e+02 -2.699227445898118999e-03
1.672000000000000171e+02 -1.515890730844617453e-03
1.674000000000000057e+02 -2.330878001103231154e-04
1.676000000000000227e+02 9.539426680737661708e-04
1.678000000000000114e+02 1.898597946417111696e-03
1.680000000000000000e+02 2.509137099051582300e-03
1.682000000000000171e+02 2.754614752792081990e-03
1.684000000000000057e+02 2.664136774292465322e-03
1.686000000000000227e+02 2.303276430919236860e-03
1.688000000000000114e+02 1.762120026868053187e-03
1.690000000000000000e+02 1.142408436796297621e-03
1.692000000000000171e+02 5.286537568563807587e-04
1.694000000000000057e+02 -2.169451529680742398e-05
1.696000000000000227e+02 -4.998206995179265430e-04
1.698000000000000114e+02 -9.293635201840079550e-04
1.700000000000000000e+02 -1.368882668546268777e-03
1.702000000000000171e+02 -1.855424185748329961e-03
1.704000000000000057e+02 -2.429308667971943198e-03
1.706000000000000227e+02 -3.091259289267824385e-03
1.708000000000000114e+02 -3.790592342323361244e-03
1.710000000000000000e+02 -4.428333632907284316e-03
1.712000000000000171e+02 -4.886423917876026903e-03
1.714000000000000057e+02 -5.041697481796564816e-03
1.716000000000000227e+02 -4.776383271781363404e-03
1.718000000000000114e+02 -4.034569949590753254e-03
1.720000000000000000e+02 -2.828427617038661163e-03
1.722000000000000171e+02 -1.236791420249246532e-03
1.724000000000000057e+02 6.004798825413366773e-04
1.726000000000000227e+02 2.462481309296818063e-03
1.728000000000000114e+02 4.127356688231385504e-03
1.730000000000000000e+02 5.386654202398516618e-03
1.732000000000000171e+02 6.057221118699396452e-03
1.734000000000000057e+02 6.038566466283700439e-03
1.736000000000000227e+02 5.329120309842821229e-03
1.738000000000000114e+02 4.009347365684603169e-03
1.740000000000000000e+02 2.261257859844154235e-03
1.742000000000000171e+02 2.968209538031926168e-04
1.744000000000000057e+02 -1.656871623144166991e-03
1.746000000000000227e+02 -3.386250349627669201e-03
1.748000000000000114e+02 -4.697598855777179033e-03
1.750000000000000000e+02 -5.512523725289811792e-03
1.752000000000000171e+02 -5.825929009677596922e-03
1.754000000000000057e+02 -5.695894759809159123e-03
1.756000000000000227e+02 -5.247172816889946780e-03
1.758000000000000114e+02 -4.608908574324573244e-03
1.760000000000000000e+02 -3.931230536472011747e-03
1.762000000000000171e+02 -3.328181092401593256e-03
1.764000000000000057e+02 -2.828536093146268460e-03
1.766000000000000227e+02 -2.450565667605961000e-03
1.768000000000000114e+02 -2.149095858227214727e-03
1.770000000000000000e+02 -1.852436505491045562e-03
1.772000000000000171e+02 -1.485251357425756676e-03
1.774000000000000057e+02 -1.006037104467400649e-03
1.776000000000000227e+02 -3.940890779092199561e-04
1.778000000000000114e+02 3.337493779731735854e-04
1.780000000000000000e+02 1.100701059927926707e-03
1.782000000000000171e+02 1.804708772110733559e-03
1.784000000000000057e+02 2.318176514774614345e-03
1.786000000000000227e+02 2.528552973107976460e-03
1.788000000000000114e+02 2.381674164679139540e-03
1.790000000000000000e+02 1.839117150586821797e-03
1.792000000000000171e+02 9.332772275116443328e-04
1.794000000000000057e+02 -2.369455154172418071e-04
1.796000000000000227e+02 -1.540636775432274123e-03
1.798000000000000114e+02 -2.817299911253807326e-03
1.800000000000000000e+02 -3.919521862877012493e-03
1.802000000000000171e+02 -4.721779853177447694e-03
1.804000000000000057e+02 -5.128492939299869775e-03
1.806000000000000227e+02 -5.128615986824917351e-03
1.808000000000000114e+02 -4.750069990295738634e-03
1.810000000000000000e+02 -4.048249812156079659e-03
1.812000000000000171e+02 -3.119380775721302020e-03
1.814000000000000057e+02 -2.083120797516861081e-03
1.816000000000000227e+02 -1.041875033438704546e-03
1.818000000000000114e+02 -5.772929964848042195e-05
1.820000000000000000e+02 8.197344491717528745e-04
1.822000000000000171e+02 1.546667858126497212e-03
1.824000000000000057e+02 2.106680620788493191e-03
1.826000000000000227e+02 2.511292589468416825e-03
1.828000000000000114e+02 2.749682867670840379e-03
1.830000000000000000e+02 2.833004661161137635e-03
1.832000000000000171e+02 2.722355253626767679e-03
1.834000000000000057e+02 2.395051265570994920e-03
1.836000000000000227e+02 1.785256469510740221e-03
1.838000000000000114e+02 8.885686108725380540e-04
1.840000000000000000e+02 -2.871979492497951907e-04
1.842000000000000171e+02 -1.680554359020314465e-03
1.844000000000000057e+02 -3.219601095984737406e-03
1.846000000000000227e+02 -4.743804280796628040e-03
1.848000000000000114e+02 -6.116633644740570620e-03
1.850000000000000000e+02 -7.156819135819184920e-03
1.852000000000000171e+02 -7.700638466407489988e-03
1.854000000000000057e+02 -7.652419487370712946e-03
1.856000000000000227e+02 -6.981579491913368456e-03
1.858000000000000114e+02 -5.718341758534092358e-03
1.860000000000000000e+02 -3.964517860248958740e-03
1.862000000000000171e+02 -1.866509526486182695e-03
1.864000000000000057e+02 3.337074176877682517e-04
1.866000000000000227e+02 2.425019544264434349e-03
1.868000000000000114e+02 4.239074666378007256e-03
1.870000000000000000e+02 5.557240707001892543e-03
1.872000000000000171e+02 6.258750837759359704e-03
1.874000000000000057e+02 6.299653885877107458e-03
1.876000000000000227e+02 5.724630674364680934e-03
1.878000000000000114e+02 4.628667956055057542e-03
1.880000000000000000e+02 3.156877620091966697e-03
1.882000000000000171e+02 1.481151257383369604e-03
1.884000000000000057e+02 -2.677072786235570640e-04
1.886000000000000227e+02 -1.934922601207064328e-03
1.888000000000000114e+02 -3.437576008830823138e-03
1.890000000000000000e+02 -4.751779163593213007e-03
1.892000000000000171e+02 -5.888043184448533626e-03
1.894000000000000057e+02 -6.867028722280026434e-03
1.896000000000000227e+02 -7.695921104931890099e-03
1.898000000000000114e+02 -8.404357516112404003e-03
1.900000000000000000e+02 -9.029139419771079270e-03
1.902000000000000171e+02 -9.499016362402230504e-03
1.904000000000000057e+02 -9.749224869671516136e-03
1.906000000000000227e+02 -9.693270626702717857e-03
1.908000000000000114e+02 -9.152163738486724515e-03
1.910000000000000000e+02 -8.036203638628433565e-03
1.912000000000000171e+02 -6.309462068860469466e-03
1.914000000000000057e+02 -3.932775646402757175e-03
1.916000000000000227e+02 -1.059341305809867115e-03
1.918000000000000114e+02 2.142031554100085229e-03
1.920000000000000000e+02 5.420905128613935642e-03
1.922000000000000171e+02 8.428092196393314681e-03
1.924000000000000057e+02 1.090936658657150685e-02
1.926000000000000227e+02 1.262944901856948542e-02
1.928000000000000114e+02 1.337330800586400414e-02
1.930000000000000000e+02 1.308339292575341761e-02
1.932000000000000171e+02 1.186079595497797207e-02
1.934000000000000057e+02 9.826851667512428307e-03
1.936000000000000227e+02 7.170623125273813125e-03
1.938000000000000114e+02 4.132923509375513275e-03
1.940000000000000000e+02 9.986039950664591693e-04
1.942000000000000171e+02 -2.051832321419270501e-03
1.944000000000000057e+02 -4.863303935538225257e-03
1.946000000000000227e+02 -7.314970284843017728e-03
1.948000000000000114e+02 -9.185904665091750715e-03
1.950000000000000000e+02 -1.049877318595308050e-02
1.952000000000000171e+02 -1.110605805535933195e-02
1.954000000000000057e+02 -1.099492347359242936e-02
1.956000000000000227e+02 -1.023053389880737400e-02
1.958000000000000114e+02 -8.824888083742639042e-03
1.960000000000000000e+02 -6.871851861452596757e-03
1.962000000000000171e+02 -4.488031650793852800e-03
1.964000000000000057e+02 -1.827472969006046751e-03
1.966000000000000227e+02 9.297124246793718200e-04
1.968000000000000114e+02 3.662142329339904481e-03
1.970000000000000000e+02 6.167107415705623367e-03
1.972000000000000171e+02 8.353725618284022283e-03
1.974000000000000057e+02 1.009908891985791292e-02
1.976000000000000227e+02 1.123826830356544626e-02
1.978000000000000114e+02 1.179097188133500403e-02
1.980000000000000000e+02 1.161786560087879963e-02
1.982000000000000171e+02 1.087401524849831991e-02
1.984000000000000057e+02 9.601852791778235988e-03
1.986000000000000227e+02 8.135229912184996706e-03
1.988000000000000114e+02 6.661743355295488694e-03
1.990000000000000000e+02 5.456645037818850900e-03
1.992000000000000171e+02 4.544582782195553255e-03
1.994000000000000057e+02 3.881009606583645227e-03
1.996000000000000227e+02 3.479891405075975514e-03
1.998000000000000114e+02 3.173331448792127314e-03
