t=	874010.00000 step= 437005000
0: 0 0 0 
1: 2.305 3.764 3.611 
2: 2.377 3.676 3.586 
3: 2.235 3.851 3.641 
4: 2.204 3.813 4.125 
5: 2.13 3.834 4.068 
6: 2.274 3.871 4.095 
7: 2.203 3.824 4.113 
8: 1.911 3.811 3.732 
9: 1.934 3.722 3.703 
10: 1.914 3.806 3.718 
11: 2.005 3.598 3.59 
12: 2.076 3.553 3.637 
13: 2.032 3.597 3.499 
14: 2.018 3.591 3.584 
15: 2.358 3.332 3.544 
16: 2.289 3.361 3.603 
17: 2.435 3.382 3.571 
18: 2.359 3.342 3.556 
19: 2.577 3.551 3.896 
20: 2.633 3.535 3.972 
21: 2.491 3.519 3.923 
22: 2.573 3.544 3.91 
23: 2.274 3.569 4.026 
24: 2.237 3.655 4.048 
25: 2.266 3.518 4.106 
26: 2.268 3.574 4.039 
27: 2.04 3.614 3.309 
28: 1.986 3.573 3.241 
29: 2.126 3.572 3.299 
30: 2.045 3.603 3.298 
31: 2.063 3.898 3.307 
32: 2.049 3.803 3.303 
33: 2.055 3.89 3.296 
34: 2.607 3.9 3.626 
35: 2.619 3.818 3.578 
36: 2.62 3.894 3.62 
37: 2.574 3.843 3.899 
38: 2.598 3.86 3.809 
39: 2.564 3.748 3.904 
40: 2.576 3.832 3.888 
41: 2.16 4.118 3.867 
42: 2.245 4.076 3.88 
43: 2.173 4.124 3.873 
44: 2.421 4.11 3.507 
45: 2.469 4.034 3.54 
46: 2.436 4.109 3.511 
47: 2.002 3.905 3.969 
48: 1.962 3.872 3.888 
49: 2.056 3.979 3.941 
50: 2.004 3.911 3.955 
51: 2.671 3.666 3.433 
52: 2.655 3.602 3.502 
53: 2.598 3.656 3.373 
54: 2.659 3.656 3.434 
55: 2.599 3.471 3.634 
56: 2.671 3.408 3.64 
57: 2.591 3.506 3.723 
58: 2.608 3.468 3.647 
59: 2.205 3.439 3.746 
60: 2.148 3.365 3.765 
61: 2.226 3.476 3.832 
62: 2.2 3.434 3.76 
63: 2.372 3.993 4.002 
64: 2.417 4.014 4.083 
65: 2.435 3.942 3.952 
66: 2.387 3.989 4.006 
67: 2.336 3.917 3.315 
68: 2.241 3.924 3.313 
69: 2.363 3.979 3.383 
70: 2.327 3.926 3.324 
71: 2.277 3.465 3.306 
72: 2.351 3.523 3.288 
73: 2.304 3.415 3.383 
74: 2.291 3.466 3.314 
75: 2.46 3.662 3.241 
76: 2.424 3.746 3.271 
77: 2.461 3.676 3.234 
78: 2.143 4.154 3.569 
79: 2.134 4.136 3.663 
80: 2.224 4.11 3.544 
81: 2.153 4.146 3.578 
82: 1.923 3.988 3.527 
83: 1.953 3.932 3.455 
84: 2 4.038 3.552 
85: 1.937 3.987 3.521 
