../ClathrateTPS/data_mu175_chain1_batch_2/, run_0
58300000	37600000	-1	126600000.0
21900000	18600000	-1	123300000.0
35000000	35000000	1	71000000.0
29200000	21600000	-1	63400000.0
14600000	14300000	-1	63100000.0
28600000	28600000	1	88400000.0
17900000	37600000	-1	108100000.0
43500000	43900000	-1	108500000.0
../ClathrateTPS/data_mu175_chain0_batch_1/, run_1
88500000	88500000	1	118100000.0
61000000	61000000	1	95400000.0
57300000	44700000	-1	82800000.0
../ClathrateTPS/data_mu175_chain0_batch_1/, run_2
25500000	25500000	1	133200000.0
105200000	105200000	1	201900000.0
21200000	21200000	1	96500000.0
47400000	47400000	1	141500000.0
117300000	117300000	1	136600000.0
97100000	97100000	1	115400000.0
98600000	98600000	1	139400000.0
84800000	54200000	-1	108800000.0
73900000	29400000	-1	64300000.0
42200000	42200000	1	68000000.0
../ClathrateTPS/data_mu175_chain0_batch_1/, run_3
69300000	69300000	1	115000000.0
30100000	30100000	1	88500000.0
25800000	34000000	-1	96700000.0
49500000	49500000	1	137600000.0
47600000	47600000	1	91100000.0
48500000	48500000	1	89800000.0
60800000	60800000	1	90600000.0
61800000	61800000	1	90000000.0
56200000	56200000	1	101000000.0
../ClathrateTPS/data_mu175_chain0_batch_1/, run_4
68500000	68500000	1	130000000.0
83700000	83700000	1	165000000.0
108600000	108600000	1	220100000.0
68000000	68000000	1	141600000.0
62400000	62400000	1	119300000.0
../ClathrateTPS/data_mu175_chain0_batch_1/, run_5
37800000	41500000	-1	74300000.0
52100000	52100000	1	82800000.0
34900000	45700000	-1	93600000.0
60400000	60400000	1	80900000.0
40100000	85200000	-1	126000000.0
../ClathrateTPS/data_mu175_chain0_batch_1/, run_6
68200000	68200000	1	99300000.0
45700000	32900000	-1	86500000.0
../ClathrateTPS/data_mu175_chain0_batch_1/, run_7
84600000	84600000	1	116500000.0
75300000	93200000	-1	134400000.0
66100000	66100000	1	108500000.0
../ClathrateTPS/data_mu175_chain0_batch_1/, run_8
76700000	40200000	-1	116800000.0
60100000	60100000	1	91200000.0
56400000	56400000	1	81700000.0
64000000	64000000	1	129200000.0
../ClathrateTPS/data_mu175_chain0_batch_1/, run_9
44700000	44700000	1	68300000.0
53100000	53100000	1	78000000.0
48200000	48200000	1	72800000.0
53000000	53000000	1	81100000.0
49900000	49900000	1	89100000.0
49300000	49300000	1	121500000.0
39700000	50200000	-1	132000000.0
66600000	66600000	1	94700000.0
64600000	64600000	1	129400000.0
81300000	81300000	1	138500000.0
../ClathrateTPS/data_mu175_chain0_batch_1/, run_10
56000000	56000000	1	87000000.0
55400000	55400000	1	83500000.0
54400000	54400000	1	92900000.0
38400000	24100000	-1	78600000.0
23500000	43800000	-1	98900000.0
78900000	78900000	1	114900000.0
44400000	20300000	-1	90800000.0
40200000	40200000	1	85100000.0
48900000	48900000	1	89200000.0
21800000	43000000	-1	110400000.0
60500000	60500000	1	95200000.0
../ClathrateTPS/data_mu175_chain0_batch_1/, run_0
50400000	33800000	-1	122100000.0
53200000	53200000	1	184500000.0
66700000	66700000	1	138300000.0
82500000	82500000	1	104900000.0
68300000	80500000	-1	117100000.0
92300000	92300000	1	146100000.0
../ClathrateTPS/data_mu175_chain1_batch_2/, run_1
26400000	64400000	-1	123900000.0
63600000	46400000	-1	106700000.0
68000000	49800000	-1	88500000.0
50800000	50800000	1	83900000.0
31600000	42400000	-1	94700000.0
56400000	56400000	1	104200000.0
69300000	69300000	1	108500000.0
52200000	52200000	1	131100000.0
../ClathrateTPS/data_mu175_chain1_batch_2/, run_2
80500000	80500000	1	99200000.0
78600000	78600000	1	131700000.0
109000000	109000000	1	124400000.0
71200000	46800000	-1	100000000.0
51400000	41600000	-1	90200000.0
59200000	59200000	1	87300000.0
46400000	46400000	1	99500000.0
43200000	45600000	-1	101900000.0
65800000	65800000	1	76400000.0
../ClathrateTPS/data_mu175_chain1_batch_2/, run_3
55000000	46000000	-1	100100000.0
34600000	34600000	-1	100100000.0
76300000	76300000	1	123400000.0
29800000	29800000	1	111800000.0
66600000	23600000	-1	68800000.0
24000000	24000000	1	155100000.0
29800000	39800000	-1	165100000.0
../ClathrateTPS/data_mu175_chain1_batch_2/, run_4
86300000	86300000	1	108400000.0
73000000	119100000	-1	154500000.0
89900000	89900000	1	129400000.0
85100000	85100000	1	120700000.0
81100000	81100000	1	116000000.0
63500000	63500000	1	90800000.0
75000000	75000000	1	98100000.0
75700000	75700000	1	106400000.0
74500000	74500000	1	108200000.0
79900000	79900000	1	121800000.0
../ClathrateTPS/data_mu175_chain1_batch_2/, run_5
64800000	64800000	1	103400000.0
79200000	35900000	-1	60100000.0
31300000	31300000	1	71200000.0
27700000	36500000	-1	80000000.0
42500000	42500000	1	69700000.0
44500000	38400000	-1	63600000.0
39700000	39700000	1	72500000.0
45900000	113800000	-1	140400000.0
117800000	117800000	1	136000000.0
102200000	30300000	-1	64100000.0
../ClathrateTPS/data_mu175_chain1_batch_2/, run_6
34100000	34100000	1	63400000.0
39500000	39500000	1	58000000.0
40700000	40700000	1	69100000.0
36100000	36300000	-1	69300000.0
39300000	39300000	1	53000000.0
30900000	30900000	1	76800000.0
63100000	63100000	1	93600000.0
../ClathrateTPS/data_mu175_chain1_batch_2/, run_7
41500000	41500000	1	73200000.0
54000000	54000000	1	125500000.0
61100000	61100000	1	93900000.0
53300000	53300000	1	87300000.0
57600000	57600000	1	96200000.0
57000000	57000000	1	115600000.0
49200000	49200000	1	119900000.0
../ClathrateTPS/data_mu175_chain1_batch_2/, run_8
35500000	35500000	1	51700000.0
29700000	29700000	1	63000000.0
29800000	55700000	-1	88900000.0
23600000	53900000	-1	119200000.0
89700000	39900000	-1	69400000.0
27800000	34100000	-1	75700000.0
46700000	46700000	1	90900000.0
21500000	21500000	1	117900000.0
91200000	91200000	1	134700000.0
../ClathrateTPS/data_mu175_chain1_batch_2/, run_9
58800000	58800000	1	81800000.0
60300000	60300000	1	92700000.0
58800000	58800000	1	89000000.0
32500000	70700000	-1	127200000.0
95500000	33600000	-1	65300000.0
24400000	24400000	1	109600000.0
52800000	52800000	1	137000000.0
93100000	93100000	1	127100000.0
../ClathrateTPS/data_mu175_chain1_batch_2/, run_10
22600000	22600000	1	46000000.0
21600000	25400000	-1	49800000.0
19700000	19700000	1	77200000.0
31700000	31700000	1	60900000.0
19000000	19000000	1	58500000.0
27600000	27600000	1	93700000.0
35300000	35300000	1	71300000.0
36300000	36300000	1	56400000.0
25800000	25800000	1	61400000.0
30700000	30700000	1	88500000.0
41200000	41200000	1	77300000.0
